2021-02-28T08:00  61.340000  -149.270000  -3.888889
2021-02-28T08:10  47.360000  -122.190000  7.222222
2021-02-28T08:10  45.310000  -122.400000  12.777778
2021-02-28T08:10  40.710000  -74.000000  0.555556
2021-02-28T08:05  34.030000  -118.150000  22.222222
2021-02-28T08:05  32.300000  -110.550000  31.666667
2021-02-28T08:05  32.300000  -93.440000  29.444444
2021-02-28T08:00  30.200000  -81.390000  16.666667
2021-02-28T08:05  26.220000  -98.490000  22.222222
2021-02-28T08:10  18.240000  -66.030000  29.444444
